Date,Open,High,Low,Close,Adj Close,Volume
2020-11-23,33.049999,35.630001,32.990002,34.959999,34.959999,17389600
2020-11-30,34.209999,36.599998,32.439999,36.490002,36.490002,16167900
2020-12-07,36.090000,37.119999,35.200001,35.840000,35.840000,12928100
2020-12-14,35.560001,36.910000,34.509998,35.849998,35.849998,23271400
2020-12-21,33.209999,34.980000,33.060001,34.290001,34.290001,10702500
2020-12-28,34.709999,34.990002,33.610001,33.610001,33.610001,10296400
2021-01-04,34.779999,39.000000,33.950001,38.400002,38.400002,23778700
2021-01-11,37.380001,39.990002,37.259998,38.150002,38.150002,13367300
2021-01-18,38.389999,38.959999,36.680000,37.349998,37.349998,6909300
2021-01-25,36.080002,36.980000,34.610001,34.889999,34.889999,11299000
2021-02-01,34.669998,35.580002,33.540001,35.270000,35.270000,18538300
2021-02-08,35.450001,36.599998,35.150002,36.580002,36.580002,11890000
2021-02-15,37.810001,38.520000,36.959999,37.730000,37.730000,10287700
2021-02-22,37.790001,41.220001,37.750000,38.880001,38.880001,20945000
2021-03-01,38.919998,41.950001,38.740002,41.750000,41.750000,16620600
2021-03-08,40.880001,42.290001,40.439999,42.110001,42.110001,11609000
2021-03-15,41.770000,41.919998,38.799999,39.599998,39.599998,10976000
2021-03-22,39.320000,39.419998,36.500000,38.349998,38.349998,18477700
2021-03-29,38.029999,38.480000,36.799999,37.459999,37.459999,15384000
2021-04-05,37.570000,38.240002,36.570000,36.790001,36.790001,16318400
2021-04-12,37.040001,37.919998,36.360001,37.320000,37.320000,18323400
2021-04-19,37.410000,37.680000,35.709999,36.020000,36.020000,15406100
2021-04-26,36.189999,37.320000,35.740002,35.810001,35.810001,17371000
2021-05-03,35.959999,38.770000,35.820000,38.750000,38.750000,23220100
2021-05-10,38.790001,39.020000,36.480000,38.290001,38.290001,18693500
2021-05-17,38.130001,39.419998,37.080002,37.860001,37.860001,13266700
2021-05-24,37.919998,38.299999,36.250000,36.320000,36.320000,15619200
2021-05-31,36.900002,38.209999,36.820000,37.709999,37.709999,12847200
2021-06-07,37.720001,38.419998,36.669998,38.240002,38.240002,14808300
2021-06-14,39.130001,40.360001,37.200001,37.220001,37.220001,22951200
2021-06-21,37.650002,40.560001,37.540001,40.340000,40.340000,20937200
2021-06-28,39.770000,39.900002,38.450001,39.709999,39.709999,10573900
2021-07-05,40.209999,40.209999,38.419998,39.700001,39.700001,13725300
2021-07-12,39.340000,39.950001,36.990002,37.080002,37.080002,16059400
2021-07-19,36.450001,37.680000,35.169998,36.779999,36.779999,17794500
2021-07-26,37.360001,40.820000,37.360001,39.549999,39.549999,17413100
2021-08-02,40.119999,40.820000,39.549999,40.540001,40.540001,17889300
2021-08-09,40.369999,41.240002,39.520000,39.520000,39.520000,16058900
2021-08-16,39.000000,39.669998,37.400002,37.720001,37.720001,15563600
2021-08-23,38.349998,40.090000,38.349998,39.849998,39.849998,10231100
2021-08-30,39.799999,40.290001,39.070000,39.770000,39.770000,14608000
2021-09-06,39.650002,40.040001,38.950001,39.369999,39.369999,15967400
2021-09-13,39.900002,41.000000,39.480000,39.709999,39.709999,15859300
2021-09-20,39.119999,42.070000,38.459999,41.669998,41.669998,25365500
2021-09-27,43.070000,45.119999,43.000000,44.930000,44.930000,21654300
2021-10-04,45.430000,47.000000,44.950001,46.470001,46.470001,17528300
2021-10-11,47.389999,49.490002,46.799999,49.230000,49.230000,17204100
2021-10-18,49.200001,50.049999,48.459999,48.889999,48.889999,12924400
2021-10-25,49.349998,50.439999,45.650002,45.840000,45.840000,23966400
2021-11-01,46.070000,46.279999,44.270000,45.470001,45.470001,14014500
2021-11-08,45.610001,46.000000,44.220001,44.480000,44.480000,8600000
2021-11-15,45.020000,45.950001,42.939999,43.090000,43.090000,12263400
2021-11-22,null,null,null,null,null,null
2021-11-22,42.610001,43.470001,42.590000,43.375000,43.375000,1669569
